3.547858322079525117e-01
3.313707146921091584e-01
3.135138694659908576e-01
3.369143763355753052e-01
3.644967507422244846e-01
3.550465490015622394e-01
3.551289176602132058e-01
3.563576623387675890e-01
3.350760672049296063e-01
3.665813849838214789e-01
3.470621444845610193e-01
3.403770517905700954e-01
3.603296897471462978e-01
3.420141128671259634e-01
3.562304239980637610e-01
3.535838025459656087e-01
3.423102790338132251e-01
3.494804209512553106e-01
3.280742953672676210e-01
3.482267660349869787e-01
3.618761577487220049e-01
3.375895071777269552e-01
3.723352721847142943e-01
3.442332482459515841e-01
3.487598401678345672e-01
3.291964570502524112e-01
3.591221340651792326e-01
3.642414912424868922e-01
3.450128675779381981e-01
3.505054216866161920e-01
3.612193234222220717e-01
3.474070073883797072e-01
3.340128694522573882e-01
3.370326839211859604e-01
3.577420548978285653e-01
3.514753491913944483e-01
3.453733626119050992e-01
3.637311634684879946e-01
3.370860746927196727e-01
3.752748549661793498e-01
3.562450055775279734e-01
3.369422003312169678e-01
3.534959956061611841e-01
3.602159194888873706e-01
3.121979062266801996e-01
3.778440458577789207e-01
3.704890263598692446e-01
3.553335906449925363e-01
3.407039728128546385e-01
3.729903494974085021e-01
3.572816526140191185e-01
3.729424804789591152e-01
3.612669236082478030e-01
3.624763580257320816e-01
3.519229319034655190e-01
3.358961585480416123e-01
3.640170516404877543e-01
3.401072672893236670e-01
3.365774196614814695e-01
3.466714803224196229e-01
3.458988757152959281e-01
3.566089479952525010e-01
3.780297505887721954e-01
3.596718219153658969e-01
3.680927469284041020e-01
3.620367906160371629e-01
3.465678856510020500e-01
3.499192124466261600e-01
3.554946397221294685e-01
3.473715943593679301e-01
3.379584651604720658e-01
3.307561908197136358e-01
3.430034565424167070e-01
3.366476738907531185e-01
3.641097387140755925e-01
3.372973121089831716e-01
3.597949132315448884e-01
3.291715552847401804e-01
3.331241074130707469e-01
3.376766638385466646e-01
3.559574222885492079e-01
3.482268281122247733e-01
3.294935578700211032e-01
3.486303433759855852e-01
3.421091235490973381e-01
3.532525193714372014e-01
3.525558538796779162e-01
3.343554928159883644e-01
3.505765822174606305e-01
3.307730154670424638e-01
3.672315586100450280e-01
3.399576311214998481e-01
3.598965036116658633e-01
3.148958179279550684e-01
3.337001386841865758e-01
3.518930212535233415e-01
3.403990599073475343e-01
3.542273131031172806e-01
3.523343814191115531e-01
3.424985028549484278e-01
3.405747510984212800e-01
3.487930417727201360e-01
3.611234869388765256e-01
3.681256191261975119e-01
3.439041035539442959e-01
3.437309739644041073e-01
3.521575590585421800e-01
3.315938389950221499e-01
3.380825699796693451e-01
3.661319135941643599e-01
3.447991099138056348e-01
3.424747660893164292e-01
3.606610958675235401e-01
3.639064713370098181e-01
3.303439103853438863e-01
3.228270237450227009e-01
3.631948119020553811e-01
3.477472017124032533e-01
3.597068772780497858e-01
3.189891211291552842e-01
3.510619185625574179e-01
3.506261023815281930e-01
3.551574226333407136e-01
3.571734050428991281e-01
3.537599144162337783e-01
3.534540164963851927e-01
3.603654956805708576e-01
3.514302477179989670e-01
3.742868234437467523e-01
3.362869939564263055e-01
3.535821750861350421e-01
3.388158098583970990e-01
3.354779354661428514e-01
3.524430521623097001e-01
3.428836083816320657e-01
3.415444936015869515e-01
3.317485836738081617e-01
3.604085957282820996e-01
3.674090469128741820e-01
3.609716147093895433e-01
3.472741326476056489e-01
3.413078039520749951e-01
3.469757695349214854e-01
3.793250392225173684e-01
3.755723988574375394e-01
3.567046932297178174e-01
3.323497964558552176e-01
3.563489729911780701e-01
3.341290209150825641e-01
3.267919854598502205e-01
3.531597721012542657e-01
3.500525051246137220e-01
3.372890769236887021e-01
3.430381731444008819e-01
3.622699569925024177e-01
3.393116666193696784e-01
3.403931468759744949e-01
3.796022238345391209e-01
3.351427613192922150e-01
3.511027017046335352e-01
3.278671423023949982e-01
3.478083389405275949e-01
3.459182287766618957e-01
3.368648193460439533e-01
3.401040917117587603e-01
3.593130309588449256e-01
3.447276079640181345e-01
3.484630469397131947e-01
3.392581048121617870e-01
3.453242249559812516e-01
3.591269229883751191e-01
3.424909798171482112e-01
3.173792869190822374e-01
3.518281197949457151e-01
3.503376526186618434e-01
3.474775582154105980e-01
3.671514899504773055e-01
3.611182815599522922e-01
3.514646188118283332e-01
3.357069636990835382e-01
3.559806316737762488e-01
3.329561584241802485e-01
3.375915145726804401e-01
3.519792982716478114e-01
3.475739371142717582e-01
3.394147284714059132e-01
3.520081939195315313e-01
3.511274215906030061e-01
3.431243586263721390e-01
3.408285678699677912e-01
3.286556924852188644e-01
3.474521724377637177e-01
3.396035182096959204e-01
3.677367559114255169e-01
3.825734079607008287e-01
3.634710997873324967e-01
3.318172777756011049e-01
3.665958160641438202e-01
3.540957154472282320e-01
3.610341527085853541e-01
3.637924339811081653e-01
3.560092418312224005e-01
3.455421178196557697e-01
3.439574973509120226e-01
3.409464574159135064e-01
3.373667611952258505e-01
3.309781074883469398e-01
3.456943631691137275e-01
3.648348402398438051e-01
3.465558271355405617e-01
3.840060965605253673e-01
3.384754545713054563e-01
3.625955986563833000e-01
3.410902852614243752e-01
3.557097450505922187e-01
3.815195931533078011e-01
3.409188322418799655e-01
3.774130165887572552e-01
3.600989738611440338e-01
3.542956176961153947e-01
3.586304757982036184e-01
3.543809677735209607e-01
3.634174896547264777e-01
3.519421475056351278e-01
3.284256055698209775e-01
3.418450270583949235e-01
3.584428267160965631e-01
3.346295433658426077e-01
3.458026244878148470e-01
3.539637709665239829e-01
3.786657230083608772e-01
3.611335748904830889e-01
3.683705956686285643e-01
3.488626242870102034e-01
3.171073434617615594e-01
3.650008617483446738e-01
3.503839629088742469e-01
3.448554185861463783e-01
3.591387487649553845e-01
3.607892060421629687e-01
3.510793012760652920e-01
3.586467154027375703e-01
3.294439516477332131e-01
3.254017054660764963e-01
3.297820838307938263e-01
3.220602826966170729e-01
3.581384495232871057e-01
3.624527689655837048e-01
3.713749360934050503e-01
3.423268502664769675e-01
3.437493078669009439e-01
3.129296580081830093e-01
3.347522799416385308e-01
3.410637529485299746e-01
3.343394830061567347e-01
3.762004546997618770e-01
3.315988694648984714e-01
3.550918318001241580e-01
3.626911452747668685e-01
3.384206223910510847e-01
3.429440500142937887e-01
3.345113746786582132e-01
3.556613789234016609e-01
3.701140731566804898e-01
3.477498994660749299e-01
3.660671384160804620e-01
3.456835540117027539e-01
3.808934497997485402e-01
3.340788776886254308e-01
3.551793134919492001e-01
3.222419889235040302e-01
3.546125677247066732e-01
3.465773640192996163e-01
3.323140075717109232e-01
3.566279600186158527e-01
3.459871108683873486e-01
3.704993502105031755e-01
3.394110307626712619e-01
3.448960181099087197e-01
3.228981935360459854e-01
3.569292648925706524e-01
3.346065046320290670e-01
3.361315719046967798e-01
3.660949822448785751e-01
3.319429586872767457e-01
3.419498285281281635e-01
3.416227421733058489e-01
3.405905059918947209e-01
3.420213442970864715e-01
3.623672464574542729e-01
3.616300887411993958e-01
3.557761631148329551e-01
3.520842943172427519e-01
3.483881658179880381e-01
3.695470952307585155e-01
3.362462550272641848e-01
3.295021107301556174e-01
3.553645696146457422e-01
3.553038669512751380e-01
3.570471946218257697e-01
3.471269644804424459e-01
3.353286451772276577e-01
3.440722132625426144e-01
3.602188678134025102e-01
3.687362299514034270e-01
3.714316839990765562e-01
3.778966685874290410e-01
3.554323792003075688e-01
3.475791983131431007e-01
3.445215202867156767e-01
3.450758798696021423e-01
3.455752784169488501e-01
3.306904345696090597e-01
3.561051224114947789e-01
3.561068373984715985e-01
3.589989441791853197e-01
3.523877714760378366e-01
3.420204851955955805e-01
3.358131607537652163e-01
3.538648768255358013e-01
3.470104665517236286e-01
3.341784303157591673e-01
3.419676573455647794e-01
3.336907522705185869e-01
3.482966543180424090e-01
3.636573510018822342e-01
3.633609937404428947e-01
3.542643977259702370e-01
3.468208330906072390e-01
3.555439267331932385e-01
3.413100558672848561e-01
3.325096961375924032e-01
3.370928123753331729e-01
3.408354258948841919e-01
3.159894544183623477e-01
3.583312721488961516e-01
3.457311151666177529e-01
3.433597118624075462e-01
3.390009651506067923e-01
3.501623509100610376e-01
3.677451163481958440e-01
3.447973328740168708e-01
3.664026894307226834e-01
3.550123280161819883e-01
3.431678546221848536e-01
3.502930339234070489e-01
3.239764466258844844e-01
3.406758208071372640e-01
3.542003508090585395e-01
3.277899788216078192e-01
3.639885558869083160e-01
3.390927976233600871e-01
3.779616243425616418e-01
3.549879466047761167e-01
3.302290406062317052e-01
3.453031298002736116e-01
3.333213518354219973e-01
3.650031186571964237e-01
3.463061491029967853e-01
3.203286738506617159e-01
3.507540376671038906e-01
3.546186837228982869e-01
3.586773743605002340e-01
3.268685846088115743e-01
3.469883591158036684e-01
3.592930207917518493e-01
3.402054321799812264e-01
3.514178697961304887e-01
3.663892166448706744e-01
3.513013110581995058e-01
3.436689541049217644e-01
3.367877382731158664e-01
3.550049611875326083e-01
3.393522388941795920e-01
3.396905427208032346e-01
3.325938288556981592e-01
3.631021802337151549e-01
3.419955083652587713e-01
3.408192361974391460e-01
3.660463825929035075e-01
3.334366588972387246e-01
3.355755963122868946e-01
3.719558687789016327e-01
3.327773828626116037e-01
3.486076754559627733e-01
3.772789171859746160e-01
3.635011211726372760e-01
3.558204696083117069e-01
3.505685544843855639e-01
3.731321214238402240e-01
3.626814222887915218e-01
3.440357456991615104e-01
3.634631886163208758e-01
3.450910174578798451e-01
3.384320143100699174e-01
3.427508465257517178e-01
3.636947154835108442e-01
3.633681798811099761e-01
3.453072046477078105e-01
3.566936446473282785e-01
3.420728043432055832e-01
3.473223691558776638e-01
3.411914874001932829e-01
3.390364912557226051e-01
3.582576937376519832e-01
3.432326569319572029e-01
3.495525697732775328e-01
3.390482819423145666e-01
3.395459746931960843e-01
3.574781973746040120e-01
3.353430202738738042e-01
3.617014837392993898e-01
3.318156488259580983e-01
3.581255908758022022e-01
3.432014010113609292e-01
3.373249723432790170e-01
3.462827920231863477e-01
3.465745522865912309e-01
3.325524985605571859e-01
3.451412568867725517e-01
3.566534052507541186e-01
3.591341754704553413e-01
3.370042885374699981e-01
3.765288996321210502e-01
3.403704872533230286e-01
3.468513411486175424e-01
3.449915774557245629e-01
3.370206500961580587e-01
3.470022468560811646e-01
3.516511665650185470e-01
3.675287641293022434e-01
3.450797444831182337e-01
3.447753303261254509e-01
3.328063295587440629e-01
3.713727462987180261e-01
3.225780730454780865e-01
3.361682285104873880e-01
3.732694706179016664e-01
3.566727934941909539e-01
3.619658494830476636e-01
3.748117140860375840e-01
3.804223608053121652e-01
3.258815488116577619e-01
3.455059095073212405e-01
3.625422150433572632e-01
3.585545143545134095e-01
3.437454913841223036e-01
3.438432225623709315e-01
3.313206988584739832e-01
3.448267319603076642e-01
3.329242362314545067e-01
3.385660836593944456e-01
3.456682799267632999e-01
3.497504460629473622e-01
3.449413143769939349e-01
3.421676574394657555e-01
3.673374995430550016e-01
3.673080104928587719e-01
3.498831461477012739e-01
3.396072972699305526e-01
3.382535033626991039e-01
3.396006254040535577e-01
3.429779892031299959e-01
3.383109786684660447e-01
3.442371019813587063e-01
3.630164547706033473e-01
3.277942042943348677e-01
3.486915846321758661e-01
3.357761337838791604e-01
3.527764833626098051e-01
3.489150478596234617e-01
3.367237530646293719e-01
3.741052884751872032e-01
3.470421913130615210e-01
3.402686147011551032e-01
3.592461007275829510e-01
3.400896725559584000e-01
3.441353103234383037e-01
3.399534888353732964e-01
3.582667065543155838e-01
3.596057897655198232e-01
3.726323431774646866e-01
3.362943473886303436e-01
3.727819261637527193e-01
3.563803042139445099e-01
3.720189607498359252e-01
3.573817600995711219e-01
3.416459217632220047e-01
3.412135266381307042e-01
3.496220812587235161e-01
3.554555777241342751e-01
3.453681903386561780e-01
3.508976558666506707e-01
3.342899203692071830e-01
3.378645203817156606e-01
3.507955864550312830e-01
3.238001323694624234e-01
3.398564231166381622e-01
3.530533615600107700e-01
3.463593556002723672e-01
3.482710559477820711e-01
3.463789614010299167e-01
3.284109549273149242e-01
3.458035283869675958e-01
3.613657969742463671e-01
3.446311850901562224e-01
3.727491859092137427e-01
3.498865596308657899e-01
3.496090973116400824e-01
3.477551120249268712e-01
3.483722388112472923e-01
3.767392210355549054e-01
3.567423787596928908e-01
3.389273777059134685e-01
3.323720231421125049e-01
3.468517868996626730e-01
3.499490931038359842e-01
3.416291692717216555e-01
3.372534251548307549e-01
3.361487029528668624e-01
3.306580334801514365e-01
3.652311785846940606e-01
3.555889749230571883e-01
3.325006071652842343e-01
3.503437382078128937e-01
3.307855176676193776e-01
3.663188913383029210e-01
3.847930172036505558e-01
3.464924511178084643e-01
3.530274498672080763e-01
3.502110622791560490e-01
3.791482255885751385e-01
3.492867934253737761e-01
3.597873023494472799e-01
3.321448437549476829e-01
3.496265897131629607e-01
3.565596706723160869e-01
3.791537092520846919e-01
3.585453611101618310e-01
3.496496052227258122e-01
3.506561736730001710e-01
3.540111879210148804e-01
3.518215392277962983e-01
3.367130003527479265e-01
3.378076340910006192e-01
3.410454771804772856e-01
3.658852330529942520e-01
3.452068706539944687e-01
3.360700481852247345e-01
3.490027727742819885e-01
3.533037564369490569e-01
3.399592355414364775e-01
3.521769709274052973e-01
3.653069630303011350e-01
3.541983738370720891e-01
3.590979435046835477e-01
3.391151547932618193e-01
3.463659021371279789e-01
3.322242374822637623e-01
3.452587158881798568e-01
3.630931769123346142e-01
3.638915864837032887e-01
3.677641954665563095e-01
3.629255477206089209e-01
3.643572875760225371e-01
3.635548343582914455e-01
3.596553368400782213e-01
3.100127157362994046e-01
3.299919782146623626e-01
3.419631601744912985e-01
3.564874603476474446e-01
3.471484510980554217e-01
3.447635686902164043e-01
3.546935070820630975e-01
3.537260508334671982e-01
3.668522790037631598e-01
3.186666143319231148e-01
3.556807574984783837e-01
3.470964985540283543e-01
3.490121917765031112e-01
3.630089733449534672e-01
3.486081496928379875e-01
3.545340247690595969e-01
3.639131898071967242e-01
3.609455840816991889e-01
3.361043788120485765e-01
3.628910249001071064e-01
3.408366565872560927e-01
3.260507398545732238e-01
3.398041559801660561e-01
3.565124195948952135e-01
3.579704267608682655e-01
3.529364284038284394e-01
3.281526463622876921e-01
3.369947396848002041e-01
3.486935766732462971e-01
3.468572679014413351e-01
3.566690169199909777e-01
3.443373345801367114e-01
3.329158800722665235e-01
3.476072162425077328e-01
3.402670740557928730e-01
3.307627490762851119e-01
3.111085166003620395e-01
3.575956172507188668e-01
3.459275120961172179e-01
3.689319533195383194e-01
3.570360214651339681e-01
3.538394993801143862e-01
3.600262510693415519e-01
3.519469513714897912e-01
3.532093270666528118e-01
3.623094774660157169e-01
3.657667719728360800e-01
3.323210838496525876e-01
3.417213239305339489e-01
3.469350575948278448e-01
3.389904074071988793e-01
3.364681497251497122e-01
3.612700396227662702e-01
3.534030263235865554e-01
3.399782229281328449e-01
3.560942212272968921e-01
3.558036713212755497e-01
3.398525797015350958e-01
3.414680890512990508e-01
3.369333606368227207e-01
3.600183112020439169e-01
3.405690679809902921e-01
3.295729065439548244e-01
3.403891696068452322e-01
3.574321761300615075e-01
3.784093346543143666e-01
3.392293637971293130e-01
3.247321575210563305e-01
3.459419073905909969e-01
3.262076825808054581e-01
3.293982280121591222e-01
3.562790032578985189e-01
3.351576251347594404e-01
3.536848439831000723e-01
3.451969658106395222e-01
3.458491432865207771e-01
3.315521735933096292e-01
3.549646498148364415e-01
3.499128087396036757e-01
3.497183254373839034e-01
3.678740478177615070e-01
3.317709212334161162e-01
3.440037726341443336e-01
3.720528687668893664e-01
3.341660773678476470e-01
3.392519288634393004e-01
3.456406187272397235e-01
3.440492963174618946e-01
3.608149956413559956e-01
3.465136388253968192e-01
3.292601751551780809e-01
3.233446879046700806e-01
3.266890892447884553e-01
3.181950792373759995e-01
3.719991977191313692e-01
3.634925072406491320e-01
3.331521700606795977e-01
3.251714919949358906e-01
3.363861548477716790e-01
3.596139781994284745e-01
3.444649935385181161e-01
3.515852656542645671e-01
3.307761254204165668e-01
3.424135196966618389e-01
3.263452097592767776e-01
3.410132117975139820e-01
3.630852481204569493e-01
3.309394299787374871e-01
3.558739395563920160e-01
3.310349278500179238e-01
3.494304270474646867e-01
3.305940387483518594e-01
3.499442392187098738e-01
3.252275378937472539e-01
3.458628499031593528e-01
3.478576557372760614e-01
3.375209361752062320e-01
3.645049285247526361e-01
3.409419379494122992e-01
3.526489850480299393e-01
3.651055343930524333e-01
3.454409585886848433e-01
3.283171376026952082e-01
3.486072999820236662e-01
3.262941281621416501e-01
3.206458428308566755e-01
3.464154182717878450e-01
3.394969968029416529e-01
3.567520813326893192e-01
3.431861289275143223e-01
3.419449838347300985e-01
3.308285297726543672e-01
3.446866424056974076e-01
3.502458179809261885e-01
3.439353595123338936e-01
3.195652033923475077e-01
3.525914442967651441e-01
3.440059275525716997e-01
3.610583937603075722e-01
3.601792488331519992e-01
3.512055003598417713e-01
3.449482064765954648e-01
3.649101584116752894e-01
3.466535489593303154e-01
3.428371938430022636e-01
3.458457484734103193e-01
3.490209067500292806e-01
3.114246967176358960e-01
3.491128861824318586e-01
3.528891340740105131e-01
3.664675522407795372e-01
3.183446411024553058e-01
3.660812276745129545e-01
3.467323912699318278e-01
3.512282149472258919e-01
3.528872897504142236e-01
3.461726655649278728e-01
3.441793986136735817e-01
3.381515482306846065e-01
3.574497740481792363e-01
3.596074851067003197e-01
3.387652729263317952e-01
3.869898092283590718e-01
3.617519825806039258e-01
3.451861616028275570e-01
3.448757358877738710e-01
3.471012791114351792e-01
3.475866245136681743e-01
3.190579556202610689e-01
3.674927146732905880e-01
3.541095988185291032e-01
3.369950100490926581e-01
3.609915043061822648e-01
3.664002861776288200e-01
3.493283252815896911e-01
3.426835309761793180e-01
3.353200628660272797e-01
3.400301326326420903e-01
3.650408348316389051e-01
3.287194097013723670e-01
3.440319906760548330e-01
3.582926075005274935e-01
3.666063932795615710e-01
3.344066953639277529e-01
3.036416860869716183e-01
3.413228172277117389e-01
3.620608574882114294e-01
3.405563185333783660e-01
3.790915333679816257e-01
3.421413647317901319e-01
3.391195736239221437e-01
3.482807777228187351e-01
3.633960953318954301e-01
3.520437476005281452e-01
3.668787308805445124e-01
3.425768624382485861e-01
3.443764410567002332e-01
3.477351669210020924e-01
3.604860506872583081e-01
3.455627385418942876e-01
3.704056753862444706e-01
3.747073760071152893e-01
3.410288969770794432e-01
3.489268339534556396e-01
3.415410993909639981e-01
3.522239325535096999e-01
3.330275469061000915e-01
3.637848076585676882e-01
3.319304734112037969e-01
3.246062848497675568e-01
3.465122427839077424e-01
3.435128701498055270e-01
3.213134410550571030e-01
3.788162471101196305e-01
3.516035241468788985e-01
3.510755885262387688e-01
3.260688964434966808e-01
3.553514772016826417e-01
3.391774827291506589e-01
3.467126152585995325e-01
3.599951269426653333e-01
3.422659698052754051e-01
3.551483453762843134e-01
3.377226955257504604e-01
3.627526052391146227e-01
3.555501833774359355e-01
3.269211454647438231e-01
3.481946476212368080e-01
3.371628064199676533e-01
3.508373413992393330e-01
3.628878349521031943e-01
3.436100818880447050e-01
3.694862858896128532e-01
3.442170931988445814e-01
3.395281172494776789e-01
3.452322221268823155e-01
3.568320889073809954e-01
3.456329142119983211e-01
3.458751725469165206e-01
3.370212345093198114e-01
3.266971509264176565e-01
3.643910650541533625e-01
3.527426245506584124e-01
3.481307504184720791e-01
3.404420127515439543e-01
3.385352882930959262e-01
3.587557402712496235e-01
3.204172246184205930e-01
3.554283519073163089e-01
3.600566168138191747e-01
3.621132157133766238e-01
3.604365312632343277e-01
3.529473588076888491e-01
3.405339954052798990e-01
3.467410938654983399e-01
3.709320737787136779e-01
3.373402356963609572e-01
3.440089913295423241e-01
3.623584353203936903e-01
3.251628074123287804e-01
3.625940469864478710e-01
3.507981575982933586e-01
3.505329890651693869e-01
3.210092229434229893e-01
3.429812938481063833e-01
3.758218401275540410e-01
3.772543772818054975e-01
3.474307810608953107e-01
3.530401189062740697e-01
3.420736178211056799e-01
3.516849801801114062e-01
3.547638778801834314e-01
3.451578467701432174e-01
3.324372868709619677e-01
3.552193753987489266e-01
3.587086385010088141e-01
3.492109362763067826e-01
3.578900628325292210e-01
3.302753861903494625e-01
3.611903523171471897e-01
3.405078357066213535e-01
3.390912445420920518e-01
3.582202113454741599e-01
3.608647277806481535e-01
3.404354172900216913e-01
3.413261014380839509e-01
3.510770167107370443e-01
3.452946585129467727e-01
3.542260749617673898e-01
3.623102042600560013e-01
3.476684727889903792e-01
3.508308098008795506e-01
3.698707040366371324e-01
3.466435077316629143e-01
3.597723793500541278e-01
3.625347003717510619e-01
3.717380460147744481e-01
3.765128128540520813e-01
3.468689768336404300e-01
3.479408344915552731e-01
3.407797088856929779e-01
3.420943527003514895e-01
3.467521948508739960e-01
3.276536435416948501e-01
3.305891309806373579e-01
3.526703839290233344e-01
3.404652490207373816e-01
3.471850958509702378e-01
3.465199545839308670e-01
3.484382197695254368e-01
3.629611056110872980e-01
3.611921284799599619e-01
3.682423033793782996e-01
3.410101010936288923e-01
3.421950664839524814e-01
3.729335493797561463e-01
3.351550478600966998e-01
3.386819364240170604e-01
3.405619835860323463e-01
3.540668795335201180e-01
3.533053010375823977e-01
3.257332669651766821e-01
3.463558245783213696e-01
3.192149883314720493e-01
3.616907976980792139e-01
3.365183816143583750e-01
3.247115880108378816e-01
3.441132356222419419e-01
3.590288269821049205e-01
3.670211518918380378e-01
3.552293625136774269e-01
3.588338670904758221e-01
3.354991240440203248e-01
3.418194032848100861e-01
3.648381894354288946e-01
3.592375664571667571e-01
3.534955965720804061e-01
3.427363175662364037e-01
3.507301697940873875e-01
3.666806662338680245e-01
3.247329930518309538e-01
3.593426049813120415e-01
3.469219739849032647e-01
3.438062958084525667e-01
3.660781449059544168e-01
3.385221512836085189e-01
3.304823102501518450e-01
3.547795450018626506e-01
3.245646298179808986e-01
3.395866827165196500e-01
3.412860589871100081e-01
3.503376000064941098e-01
3.549396801197605145e-01
3.403794385806404588e-01
3.479076190321070405e-01
3.445324992076616577e-01
3.327848749428145014e-01
3.354697921317704723e-01
3.470798470923839307e-01
3.461654887226034427e-01
3.323308169577777749e-01
3.215576654417126590e-01
3.563960403675915933e-01
3.302354498798545368e-01
3.368680537381929518e-01
3.491123385657246558e-01
3.533747411723078269e-01
3.653034575028553665e-01
3.412250562063270931e-01
3.561303449552729039e-01
3.525359436892416265e-01
3.571271157781728545e-01
3.649677519071090059e-01
3.638719538121755193e-01
3.504303199868637475e-01
3.457121041409736972e-01
3.601824077266103097e-01
3.642529722833604544e-01
3.385777851115014947e-01
3.336059043969024085e-01
3.297079577082928648e-01
3.556386534093083918e-01
3.740935737821478035e-01
3.426204813738311095e-01
3.655717741369028939e-01
3.594248337825390882e-01
3.407643176565784970e-01
3.349331170471708252e-01
3.599906297619897555e-01
3.490519257753488258e-01
3.517099026865461719e-01
3.539203216093173010e-01
3.441817952011092530e-01
3.469382351520849950e-01
3.428364714507605160e-01
3.568430404140359169e-01
3.470315943553913263e-01
3.462870141399377877e-01
3.413689200420902403e-01
3.525341623376630484e-01
3.558803234429820939e-01
3.415314078624614447e-01
3.676213482624529072e-01
3.408600299770400133e-01
3.572470391080023733e-01
3.457778958218639676e-01
3.435041405391459635e-01
3.409597024490570449e-01
3.387914544314181153e-01
3.489087146519989635e-01
3.387205333885945913e-01
3.534744494625550737e-01
3.346303276970827856e-01
3.342679438423630800e-01
3.291573390748123717e-01
3.375793383894500899e-01
3.492696315843689114e-01
3.467773390723858928e-01
3.353721518659215639e-01
3.313622282951640963e-01
3.589913334799543221e-01
3.545174864044000063e-01
3.339132566365022869e-01
3.184703341001169918e-01
3.265931296256143757e-01
3.445050444315703730e-01
3.671264505746115736e-01
3.469168758070675929e-01
3.330159420206490473e-01
3.387284083853810412e-01
3.506644113660989381e-01
3.389052316780350460e-01
3.625359458000398938e-01
