5.503585726960404934e-01
5.324040734846468004e-01
5.585484463575238756e-01
5.314262127609197250e-01
5.662825248288247959e-01
5.422864633065713758e-01
5.521234222400601688e-01
5.306134279283577504e-01
5.215124662424752700e-01
5.349562798004423581e-01
5.580373297975498303e-01
5.362370664232402051e-01
5.499638159967075168e-01
5.712994862479254810e-01
5.510253901441438673e-01
5.395786058334615110e-01
5.560247603939412198e-01
5.268573090459807151e-01
5.330558063715806760e-01
5.369219346530743620e-01
5.695402720056752521e-01
5.537339207552068876e-01
5.539865738092604186e-01
5.605255678087589510e-01
5.254193439312753178e-01
5.321337547354484387e-01
5.469921095745990947e-01
5.575210782192067116e-01
5.434934423279668136e-01
5.453200314332958820e-01
5.441447015261955400e-01
5.358782742602078430e-01
5.193241955479086513e-01
5.387149493916020271e-01
5.491187984497453156e-01
5.349434443016631846e-01
5.547820627267383564e-01
5.402341582261702690e-01
5.418383987056770712e-01
5.888401286319536743e-01
5.343103787383078895e-01
5.488716298482350098e-01
5.382242879215097808e-01
5.434833650475495714e-01
5.298569724953667848e-01
5.665376534501993522e-01
5.439051955225445711e-01
5.516200979815816252e-01
5.540153564590127866e-01
5.462205991042835551e-01
5.429642222846252642e-01
5.345031314685994017e-01
5.450926756100736847e-01
5.617080929788852428e-01
5.396438851955548399e-01
5.577341748983457581e-01
5.516410923349454043e-01
5.362042610727429937e-01
5.498097221573672311e-01
5.581296957705826900e-01
5.543947516681690946e-01
5.530365372915038158e-01
5.803774277558820804e-01
5.571211345805969772e-01
5.443162009682536162e-01
5.123040486791408110e-01
5.652150710710689419e-01
5.383844146944352094e-01
5.540178208514376923e-01
5.266103622232927162e-01
5.408352454821222510e-01
5.268322060388719308e-01
5.540872690270089995e-01
5.287240121296504780e-01
5.320495517381584882e-01
5.351657953463428985e-01
5.616283174478143847e-01
5.668828447589104869e-01
5.387927208855691763e-01
5.460107268050223839e-01
5.604583005583266830e-01
5.760118645653928837e-01
5.347110952120680549e-01
5.295145918723818124e-01
5.358811804908469867e-01
5.232328633101530624e-01
5.350383807172398587e-01
5.189055082258631213e-01
5.683010819896777699e-01
5.393872403023793893e-01
5.561759741686226333e-01
5.696185709226293525e-01
5.232569392944894648e-01
5.449299609702891178e-01
5.271913071142516616e-01
5.493146224560522262e-01
5.165646060152839780e-01
5.148173887265350412e-01
5.342483748414925682e-01
5.479626030351545385e-01
5.520745542996203792e-01
5.559126650456934771e-01
5.205545405575798812e-01
5.331752696465342778e-01
5.614898239077924513e-01
5.581048078185200101e-01
5.441601491674616931e-01
5.228453293065064011e-01
5.269882946229079712e-01
5.766620455497742936e-01
5.430610157148022532e-01
5.513304066858794039e-01
5.509139736541439625e-01
5.543830406453303938e-01
5.177543564316553493e-01
5.629976354055749033e-01
5.603162022998066094e-01
5.325512025306858854e-01
5.433755862072495724e-01
5.109915513066892734e-01
5.291877581635801020e-01
5.466101917344137195e-01
5.348616646576369593e-01
5.582066963191432141e-01
5.541824604856502301e-01
5.368332602788273844e-01
5.341524637339303272e-01
5.331338029172094650e-01
5.429154493666906722e-01
5.345465178775619108e-01
5.314601963922758188e-01
5.418373523041420947e-01
5.196255520689776475e-01
5.580873282924052603e-01
5.515081604587062092e-01
5.289625319970892026e-01
5.105699423008324134e-01
5.568681032117669405e-01
5.482695069016993994e-01
5.351756748751506088e-01
5.320388878588003800e-01
5.329119376918259876e-01
5.624812271810193387e-01
5.462829354030783735e-01
5.915312862668062888e-01
5.422775208224688281e-01
5.239981629876626634e-01
5.398835885222476039e-01
5.338594817113628821e-01
5.322374038494274151e-01
5.536960917741848842e-01
5.649970480199406619e-01
5.441790597676270380e-01
5.632008456697727983e-01
5.589141077401613700e-01
5.454514348279383418e-01
5.235516810344026384e-01
5.722403414638433938e-01
5.441967787687927993e-01
5.472652086565472640e-01
5.233579907423724364e-01
5.557699598996774792e-01
5.704619714252954221e-01
5.412269301271150912e-01
5.577782471534024067e-01
5.599093535847665670e-01
5.193875787112485209e-01
5.563537297559399963e-01
5.056800114811331737e-01
5.344642723933538120e-01
5.619531434711746432e-01
5.263138692456286183e-01
5.616873755671689672e-01
5.673721607087826024e-01
5.699749310148773951e-01
5.428057455131514164e-01
5.703806249517373583e-01
5.595455787764908040e-01
5.495755266308779419e-01
5.423728556230320574e-01
5.461743371887335385e-01
5.222689634008483850e-01
5.534657132160164528e-01
5.424134546505228194e-01
5.465576276481211027e-01
5.448698987422122553e-01
5.678448832908761235e-01
5.597921911906332815e-01
5.363122179891319785e-01
5.535204244321861866e-01
5.177386781810331406e-01
5.528245877779380812e-01
5.178243847941583766e-01
5.455513376965380745e-01
5.694295890921363679e-01
5.688299888508704383e-01
5.599238549119663899e-01
5.932185897933546226e-01
5.628068285789574743e-01
5.427787906091799952e-01
5.599737304036620511e-01
5.873847320941710803e-01
5.609214739480327117e-01
5.207724827710736859e-01
5.405552107600501976e-01
5.177686189275474415e-01
5.443676014452876188e-01
5.328519819928828616e-01
5.456541579317526480e-01
5.408084115335649589e-01
5.721548422219381314e-01
5.582939356541477549e-01
5.172508397372271860e-01
5.433368667588003298e-01
5.725616584270857290e-01
5.448974941871540523e-01
5.449264065039094440e-01
5.605492248359092988e-01
5.368756289895165734e-01
5.589594847862767724e-01
5.769010548528699101e-01
5.456170775432149789e-01
5.358080393406641218e-01
5.403406051975844226e-01
5.362343429237208525e-01
5.205251137886798274e-01
5.572046630696823044e-01
5.246623423331627789e-01
5.515476317759638869e-01
5.467543918054668106e-01
5.287994135043146970e-01
5.685967594273496628e-01
5.644030326191588065e-01
5.415904107313096461e-01
5.211298415393897931e-01
5.635592512564103762e-01
5.377305098423470486e-01
5.231616994005161558e-01
5.393442710172815513e-01
5.501365461943251711e-01
5.455391134048005464e-01
5.463496980942996739e-01
5.460812035700917111e-01
5.503957999999601336e-01
5.174194049737191881e-01
5.402414419291292624e-01
5.639272908718977462e-01
5.493284525248484096e-01
5.568004394015472203e-01
5.202632090645058494e-01
5.341502284821090241e-01
5.279943426796922523e-01
5.389977099350463652e-01
5.303546267507598388e-01
5.371399854221096115e-01
5.481396526087807253e-01
5.403002042720367326e-01
5.266991922947538152e-01
5.529034810847316406e-01
5.566414662798869761e-01
5.344048991682783800e-01
5.355698185991626392e-01
5.576647971080779254e-01
5.769034478744117234e-01
5.544394215519418134e-01
5.537741577898608325e-01
5.415219866769077628e-01
5.542033621694537615e-01
5.261957199594639034e-01
5.482229642251938984e-01
5.301054054093745638e-01
5.479330424793498189e-01
5.465325284937857520e-01
5.410196128521179704e-01
5.255890311302746642e-01
5.285529185303936561e-01
5.331634014743593664e-01
5.606387638307799293e-01
5.255878509620544037e-01
5.340530903713583966e-01
5.477259807277347070e-01
5.541522218460216420e-01
5.339252935989876603e-01
5.581213444045606265e-01
5.304974658865297954e-01
5.251628733415425465e-01
5.555713524925544045e-01
5.438844526195946161e-01
5.476596518151928272e-01
5.598336549156350817e-01
5.687833034000127075e-01
5.364458663839878350e-01
5.365182423582621762e-01
5.426528919203958967e-01
5.554944982004714760e-01
5.476813025923157330e-01
5.496424201653543617e-01
5.088843021315360149e-01
5.648193422627764138e-01
5.496035860842032328e-01
5.387470235939612051e-01
5.456931321985092342e-01
5.514316197517934448e-01
5.814919667160509675e-01
5.774792762423747172e-01
5.594709569200047028e-01
5.620743254278727230e-01
5.465898440897412058e-01
5.351090725592747566e-01
5.363829346433471867e-01
5.952866404452836768e-01
5.325250800916712102e-01
5.217441361145377376e-01
5.550588950215564754e-01
5.645040530725282668e-01
5.516167364154851427e-01
5.645060936229817639e-01
5.578661661637460689e-01
5.429666093222257350e-01
5.383352762592826801e-01
5.554640727531935385e-01
5.537882900187433011e-01
5.522687031420705495e-01
5.408668301910981580e-01
5.485711089446694277e-01
5.678121667782570769e-01
5.832656162035215752e-01
5.421731489850680763e-01
5.276280606108159077e-01
5.371984599787422709e-01
5.523525905744159914e-01
5.453151073806582483e-01
5.321950206877028577e-01
5.483480782222467376e-01
5.176531052808113209e-01
5.524612263812500590e-01
5.355026794819698344e-01
5.504065834959261938e-01
5.524268705091381904e-01
5.355959904744754807e-01
5.456043310693933224e-01
5.439285843085331917e-01
5.432747837661713319e-01
5.295280533457886740e-01
5.403604954884605460e-01
5.485717832153621520e-01
5.390660752870215511e-01
5.429042994084111173e-01
5.385731574941221567e-01
5.353229282801167388e-01
5.597401101825005831e-01
5.386402276977043657e-01
5.602789207672681515e-01
5.256489743277485971e-01
5.309240357052350534e-01
5.491448189831120708e-01
5.453277580390026857e-01
5.241001508988688551e-01
5.341756326590837434e-01
5.401060065510485675e-01
5.355153888876421631e-01
5.347276472321587093e-01
5.440162814077286191e-01
5.395534646958423108e-01
5.533797715124649796e-01
5.416111921021429243e-01
5.360215599726269042e-01
5.425448772337391201e-01
5.355512698548563488e-01
5.642912639758107529e-01
5.360276842192672753e-01
5.511616872173060733e-01
5.518030961283758584e-01
5.250716922782548979e-01
5.639014272868194677e-01
5.425567474761231468e-01
5.717227309671252256e-01
5.376778307282374936e-01
5.495337861049880424e-01
5.522914337556530384e-01
5.391557405356206534e-01
5.210015134752075117e-01
5.338705528025496916e-01
5.213105506688844315e-01
5.245509572737229176e-01
5.785057282284367108e-01
5.438693763935148473e-01
5.338508884275461330e-01
5.437741421597144242e-01
5.554257746393324036e-01
5.603492369903629866e-01
5.264184542345128337e-01
5.456946985359871771e-01
5.503161439921137044e-01
5.472662411368338642e-01
5.310699705609139842e-01
5.659952337616664941e-01
5.468803806807918111e-01
5.355736125802542658e-01
5.570079042115476664e-01
5.523942422188909962e-01
5.424168943696242584e-01
5.511577131902918314e-01
5.258941429373649168e-01
5.547009261190543050e-01
5.275406039149204140e-01
5.503322669449062232e-01
5.212531521624543807e-01
5.594129237355165429e-01
5.418982963966463284e-01
5.525093126880402661e-01
5.549010227026154318e-01
5.285968156475859825e-01
5.656740426769121255e-01
5.592170917090574234e-01
5.069377340965439682e-01
5.388712708658995876e-01
5.358469722104635125e-01
5.298664357851881057e-01
5.467610652064024412e-01
5.385877520492691195e-01
5.688566660867129254e-01
5.260059634711523602e-01
5.742309888848272648e-01
5.527594764346318579e-01
5.206475760353287408e-01
5.552026340120120862e-01
5.588940247843396936e-01
5.380464972493421705e-01
5.343651844319676769e-01
5.623136521261832277e-01
5.093767036846416074e-01
5.284520348409207369e-01
5.489779447143469104e-01
5.591605390985492363e-01
5.358292727686538859e-01
5.544503896977255319e-01
5.826104063503109165e-01
5.517922559060848275e-01
5.362280679484100476e-01
5.671203628367624816e-01
5.723349237514815391e-01
5.393782735746721624e-01
5.392550249662803052e-01
5.549276830725414777e-01
5.551664399452898024e-01
5.375247056910560373e-01
5.702961468767797637e-01
5.304025346317268186e-01
5.746436763807883930e-01
5.238663915110512992e-01
5.415438929871324580e-01
5.333757696653012026e-01
5.426774860652174848e-01
5.466442049931355962e-01
5.210970261500149636e-01
5.703230668487027089e-01
5.450860350083291950e-01
5.355518176338059932e-01
5.459425264525130661e-01
5.353636791257506689e-01
5.331207082274157516e-01
5.373811916141403300e-01
5.221904485502780746e-01
5.308069084947366623e-01
5.298690257719904650e-01
5.255518715636910976e-01
5.540603805697048578e-01
5.234844577971363710e-01
5.380338120339149821e-01
5.520855241170149474e-01
5.414612436719962174e-01
5.572519850900450322e-01
5.539665433128322380e-01
5.281665226134449886e-01
5.445394625172610414e-01
5.314132422016029089e-01
5.221814446759737161e-01
5.408023951203652091e-01
5.388686786451603039e-01
5.475850401846504845e-01
5.839936572432518069e-01
5.394817232548057007e-01
5.585313959487449020e-01
5.621154791760266667e-01
5.435668350003254323e-01
5.484008391862141840e-01
5.517915153603898393e-01
5.574045423818603240e-01
5.395136238306997845e-01
5.410149679789264532e-01
5.406910639612403369e-01
5.817922845494513107e-01
5.385204010506432493e-01
5.467234213863639836e-01
5.217464114199201752e-01
5.317978352768251149e-01
5.405384608398601243e-01
5.547384898749354587e-01
5.462614896452001600e-01
5.355712251622916087e-01
5.393899283707440651e-01
5.261835288326631721e-01
5.662414721010587959e-01
5.807169415915325317e-01
5.445912491788374998e-01
5.418347916301317069e-01
5.413933649657098890e-01
5.426559429217804320e-01
5.439068224868452983e-01
5.356160305414700007e-01
5.572028314143919747e-01
5.310030183679579352e-01
5.481387290004875457e-01
5.552164527770639957e-01
5.383981335183449790e-01
5.126215151933524172e-01
5.566519036531375475e-01
5.302123059070250610e-01
5.174078262137737916e-01
5.125405231389348337e-01
5.294912043521391443e-01
5.481118517246145183e-01
5.273812545178259148e-01
5.574849908820526112e-01
5.457266935819951037e-01
5.596911567045169678e-01
5.534851342280285857e-01
5.571847197838448729e-01
5.411984863385356226e-01
5.329848399134226034e-01
5.471371670061976333e-01
5.413062961652467253e-01
5.474322068027183130e-01
5.312300352777636903e-01
5.311155726211856942e-01
5.518552068799792432e-01
5.767466384953052749e-01
5.316198690207490918e-01
5.541714664202509466e-01
5.428943880692554957e-01
5.282056592267405648e-01
5.172199670514019409e-01
5.130370875707164213e-01
5.313538418387495632e-01
5.717592759102739786e-01
5.638112280727500814e-01
5.386166368415394867e-01
5.095436669037423094e-01
5.700862049108189611e-01
5.521406916450273261e-01
5.401598185770926097e-01
5.771109099197625492e-01
5.651708510846380484e-01
5.252644567794666486e-01
5.669246710789038746e-01
5.235027697575257433e-01
5.130905106792591486e-01
5.243717302368321453e-01
5.318458168911864847e-01
5.590015250880707720e-01
5.596495564990143778e-01
5.744098680709307514e-01
5.535631095295693305e-01
5.460774054360814089e-01
5.519402635017532921e-01
5.904719346859703677e-01
5.386773820800806467e-01
5.438400844317156091e-01
5.273977746956527435e-01
5.334769887812442768e-01
5.644483259924298890e-01
5.537643347557219542e-01
5.635183588683028155e-01
5.450243445846034707e-01
5.487782796086887460e-01
5.531848425544142467e-01
5.621678812495876087e-01
5.614930248682595826e-01
5.220333363026207207e-01
5.560140258770229771e-01
5.564123671875658150e-01
5.524073547731951361e-01
5.507973960443313111e-01
5.668082071949419598e-01
5.479790042244951920e-01
5.711585371046233872e-01
5.420058314030877789e-01
5.303823899723840718e-01
5.356822403550978162e-01
5.306758485253948443e-01
5.183659993799126786e-01
5.448264317511289923e-01
5.350502915346659893e-01
5.288859473628616525e-01
5.841291459281460208e-01
5.690144410648964035e-01
5.225839335275770381e-01
5.422820793148686036e-01
5.203555710139998736e-01
5.463435076667071399e-01
5.313026172820914939e-01
5.339919699366489914e-01
5.333639443488130683e-01
5.413488530349979122e-01
5.328832652502729639e-01
5.725249831212360085e-01
5.500406330540630329e-01
5.364439464476102870e-01
5.363819148090119837e-01
5.485147224907803709e-01
5.629654411300210048e-01
5.783523299225170611e-01
5.668450013448192992e-01
5.715834995924837791e-01
5.522493472648764001e-01
5.583742847719492808e-01
5.324294076033290191e-01
5.348614193051889343e-01
5.513639089403875593e-01
5.291181135872046193e-01
5.529316337344686305e-01
5.440920725571102290e-01
5.565120080634501365e-01
5.573279829651597295e-01
5.419389810001168373e-01
5.479733390393034531e-01
5.317261998907418796e-01
5.375070354465171230e-01
5.259380112123442919e-01
5.754037519276640200e-01
5.649831078699795173e-01
5.862151320096155027e-01
5.386641006872009418e-01
5.323175362801522148e-01
5.359241791092820284e-01
5.507332280216850062e-01
5.449174616202392407e-01
5.358128933075327893e-01
5.226483716745082830e-01
5.390814564905304085e-01
5.537858964686046548e-01
5.444612236429605678e-01
5.324382285918096702e-01
5.521587866149736401e-01
5.231856858075922823e-01
5.379918325039184657e-01
5.435373868427177957e-01
5.390534385922467475e-01
5.430145939038762970e-01
5.434747227134538727e-01
5.597298834419968117e-01
5.352771004304992530e-01
5.559759090687317329e-01
5.269739062659938300e-01
5.522348255747400181e-01
5.766453779431498505e-01
5.256317358736387613e-01
5.182889562286342455e-01
5.286115001613598263e-01
5.247868169029759056e-01
5.516302931582746094e-01
5.374006427488726700e-01
5.382485678495801951e-01
5.478170398450524781e-01
5.371714989037023047e-01
5.853465805839254132e-01
5.366440563949873566e-01
5.660458800014976921e-01
5.389891075758143080e-01
5.497543941525162570e-01
5.628653743798452957e-01
5.428218932242857564e-01
5.822156950371996098e-01
5.495526671509699534e-01
5.421366646125587163e-01
5.285647748022395120e-01
5.629006447542318492e-01
5.263012297400960771e-01
5.417796269944109566e-01
5.521944842914691121e-01
5.490081965693853761e-01
5.486543131789447525e-01
5.448964608058552983e-01
5.581218231059211776e-01
5.210500343631756515e-01
5.303401193683561221e-01
5.604669252939549207e-01
5.776020445836457240e-01
5.405603658361749497e-01
5.433567524662546999e-01
5.414945744734795952e-01
5.440639407947873707e-01
5.639146825759238091e-01
5.500419727866280306e-01
5.363890992575887084e-01
5.472261728864316055e-01
5.750944214519125852e-01
5.476822039561344280e-01
5.710885300547394738e-01
5.420637418628057036e-01
5.573685764839275691e-01
5.045830252307585972e-01
5.608403836425647215e-01
5.425532576387085415e-01
5.194491565292896906e-01
5.376714759750681472e-01
5.072535983775336987e-01
5.515400737438593826e-01
5.507585861274918448e-01
5.448385188553654945e-01
5.459080526288370150e-01
5.256409177053189552e-01
5.572747881701883843e-01
5.122611386985351789e-01
5.596340535058175192e-01
5.366824998011108239e-01
5.653740146005821199e-01
5.373246411086148866e-01
5.522506589872699934e-01
5.457321580134031347e-01
5.277233711126855242e-01
5.419899722600781677e-01
5.570448294721734861e-01
5.505438113410965340e-01
5.460887685742202846e-01
5.262844996784831197e-01
5.422337918425260694e-01
5.434421606956476580e-01
5.536217496003051908e-01
5.446421726917820560e-01
5.601361532284657718e-01
5.343106476337925459e-01
5.371005494075903330e-01
5.350368351474916739e-01
5.299398052584910479e-01
5.349768725400826375e-01
5.442215486494949017e-01
5.300185761527650419e-01
5.631314282398974802e-01
5.588529579231226174e-01
5.050019302160401180e-01
5.398100979772014751e-01
5.392622231668119381e-01
5.470121469609589004e-01
5.706424822281320752e-01
5.223898045341482943e-01
5.461249643509679119e-01
5.572553113821306914e-01
5.474575440942371918e-01
5.089773007391422688e-01
5.393525967620408368e-01
5.389542629476683500e-01
5.906514885216543886e-01
5.506787750582395891e-01
5.423922547506176972e-01
5.209460634063812767e-01
5.392058110523720860e-01
5.375363915884328048e-01
5.565736455282290773e-01
5.600203297374105604e-01
5.489942521613203619e-01
5.337987610248433601e-01
5.611296476463583094e-01
5.467140844150761847e-01
5.691655317334416431e-01
5.445495412455212403e-01
5.404678724064533313e-01
5.329525825663196104e-01
5.324481879519054051e-01
5.540514358378973991e-01
5.520491165784289223e-01
5.545716407077225796e-01
5.343207031256385076e-01
5.833352432686965683e-01
5.394195531519552222e-01
5.033992953740120679e-01
5.768503223223307996e-01
5.601246119227467624e-01
5.236498535042759528e-01
5.519666626035341084e-01
5.753331994277436356e-01
5.507183234318815401e-01
5.517950117925706222e-01
5.599240707427102226e-01
5.462342684238553625e-01
5.589449880069967680e-01
5.632596361551512887e-01
5.624957629662176162e-01
5.644499848829772626e-01
5.347076654180739075e-01
5.696882518216117575e-01
5.480438700440334321e-01
5.498552288607930771e-01
5.258184613295071586e-01
5.470469139830254068e-01
5.231970283428629687e-01
5.837988190112217701e-01
5.423729169321409582e-01
5.619591825458410961e-01
5.621255294952127723e-01
5.259370847620279399e-01
5.313363633183600943e-01
5.761668926496993359e-01
5.564593149013143947e-01
5.713283056947362493e-01
5.436832874288948236e-01
5.359363024079634163e-01
5.748787169558655652e-01
5.521691158437239677e-01
5.315473202336563618e-01
5.164550909720257987e-01
5.175023541686644135e-01
6.043632237675282681e-01
5.563929785036110243e-01
5.455655668439477468e-01
5.577529483084177064e-01
5.707373840256445563e-01
5.565480994594687036e-01
5.626247702779183513e-01
5.307099009536011547e-01
5.310956767075762919e-01
5.924511739531761467e-01
5.466577171350160969e-01
5.481943343272561719e-01
5.431873380041185584e-01
5.300899495056985433e-01
5.450036391970933813e-01
5.463739152872315596e-01
5.510499411419562676e-01
5.260955106802335246e-01
5.347230151748176841e-01
5.391448311707047747e-01
5.652756542256635042e-01
5.538111212179031018e-01
5.433948949945056617e-01
5.465054738830327219e-01
5.419492971691860506e-01
5.565905358086437049e-01
5.426467451319051394e-01
5.466210276106574506e-01
5.630704450113334092e-01
5.418836875933371600e-01
5.438631737404295841e-01
5.594832985708823037e-01
5.501707589491774408e-01
5.156653626515984579e-01
5.393442686363946192e-01
5.199865893360533509e-01
5.676061479557988898e-01
5.569456828240155755e-01
5.082724978995394327e-01
5.397471886651499240e-01
5.603331253010591650e-01
5.512278487528873283e-01
5.392281152689176738e-01
5.522995988155329217e-01
5.434084249298042346e-01
5.249033684088306728e-01
5.654690227249412615e-01
5.646631655606187961e-01
5.390195486003984682e-01
5.716805096615493742e-01
5.561263350468566014e-01
5.474087143946768652e-01
5.407618835311006622e-01
5.478005402158255821e-01
5.542502496268217893e-01
5.394986269333329476e-01
5.514749786692555444e-01
5.422708996440738227e-01
5.345539924148811073e-01
5.418464427821640950e-01
5.427346516959067335e-01
5.442647928764133836e-01
5.285066272135023890e-01
5.596625633335484684e-01
5.222766367487386985e-01
5.696647550797838688e-01
5.458131395846606004e-01
5.354050146856298431e-01
5.275397471008710371e-01
5.670960427569008422e-01
5.578754397152245748e-01
5.456502572530352868e-01
5.549871662052363597e-01
5.578057168954341227e-01
5.047457522804974506e-01
5.229555311516035365e-01
5.540031915819243480e-01
5.321898892528649228e-01
5.643868313207794918e-01
5.625186609004859672e-01
5.436247582200929296e-01
5.405885691623684153e-01
5.313490385692929419e-01
5.545407272541966748e-01
5.541733607053072053e-01
5.340731424077093115e-01
4.993399500294182225e-01
5.519802431709390778e-01
5.727666040530512426e-01
5.863606823792179013e-01
5.396686899172915552e-01
5.046917966196035055e-01
5.314479516241921164e-01
5.675988109214598065e-01
5.297173748334335075e-01
5.525212851564534899e-01
5.499733810724612981e-01
5.397282687790907474e-01
5.558991947152629454e-01
5.363571451891697706e-01
5.139307450938429556e-01
5.516464904311870754e-01
5.375306309221510315e-01
5.651143037541583869e-01
5.258585992769002626e-01
5.337086709277931718e-01
5.462095530476096528e-01
5.405614927847148810e-01
5.330825979002821180e-01
5.425011910216632760e-01
5.637571045547484783e-01
5.337271058683623615e-01
5.748278073589685455e-01
5.437944357674522333e-01
5.259629204803466518e-01
5.595984228341857047e-01
5.474341680232645002e-01
5.398194877928458313e-01
5.379129349394106141e-01
5.377646454260837094e-01
5.397888724939922112e-01
5.573631013318024463e-01
5.695462366494572493e-01
5.427639460788742376e-01
5.748467529816602140e-01
5.320378596921845338e-01
5.510973673766602632e-01
5.281806352478406463e-01
5.413858141200930119e-01
5.483057530722819095e-01
5.515535766397999806e-01
5.648399335158045265e-01
5.518985238802156523e-01
5.123113656870070809e-01
5.323679084657301219e-01
5.275330530207410495e-01
5.150439823822987595e-01
5.223796263414821617e-01
5.619879364249402709e-01
5.288251197118558622e-01
5.295704061032634469e-01
5.171485256902824679e-01
5.615975898016494217e-01
5.213733895557453035e-01
5.158245669255374644e-01
5.392075029467742198e-01
5.322129992493963568e-01
5.313623298928887850e-01
5.357150441680610387e-01
5.400436851395339355e-01
5.262662890369259605e-01
5.102109140005851584e-01
5.086102195371665635e-01
5.263354734814913449e-01
5.227424847890846937e-01
5.476777757628488175e-01
5.380102079365564061e-01
5.167210959331270947e-01
5.570009852980792875e-01
5.751240202244054522e-01
5.593648268113159405e-01
5.819633194856358438e-01
5.558895205211490387e-01
5.541452216867496228e-01
5.376386859186155220e-01
5.643401381153854146e-01
5.458452971529708098e-01
5.536633945521867162e-01
5.499189539303966923e-01
5.211837763849973548e-01
5.672123386589229543e-01
5.403842239363376709e-01
5.404901595816471449e-01
5.493339264727645777e-01
5.303265908175084364e-01
5.463735879245619209e-01
5.542542586425928119e-01
5.534122246355258623e-01
5.395805801737449947e-01
5.323248500081110279e-01
5.434386939634497926e-01
5.522243330988094723e-01
5.401660401019966473e-01
5.262438770584401126e-01
5.598146769122054334e-01
5.384878917386030084e-01
5.635819603647326259e-01
